Distancias A                         
B 10895 B                        
C 6476 18016 C                       
D 21090 8608 19560 D                      
E 10864 22680 5763 13062 E                     
F 16172 15331 9142 8976 6716 F                    
G 7584 6581 15025 13950 15209 20856 G                   
H 20276 7986 13903 3606 15404 8914 14564 H                  
I 17070 18251 11471 9138 7307 1232 21009 8387 I                 
J 7394 5779 12019 14420 15659 24363 2792 12721 21659 J                
K 14018 4869 13849 8146 16049 12601 11722 5210 12400 11150 K               
L 19579 12787 12980 4248 11885 5789 15771 3949 4195 16073 9436 L              
M 16699 14452 10307 9528 6835 1322 25190 7777 2433 19063 11627 4853 M             
N 13702 14495 14972 9928 8276 10476 11066 12943 7821 16070 15716 8284 9588 N            
O 13848 17777 8459 10758 5660 880 23006 8902 2326 19952 13531 5329 1404 10413 O           
P 7602 4444 12271 14682 17525 20213 4665 11632 18139 2278 9171 15734 18629 15805 16701 P          
Q 19645 9617 19043 479 15203 9561 13213 4324 8276 13374 7323 4313 9666 9842 10712 13041 Q         
R 12548 18144 5703 13989 5448 4826 20368 9691 6144 17040 11791 8490 4604 13382 4147 13720 11861 R        
S 16231 16074 10566 7739 6192 1021 20034 9168 375 22181 11064 5015 1741 8768 1722 19498 8461 6101 S       
T 11707 10178 14534 10705 13997 15914 5064 14085 14185 7399 14747 13713 16115 7475 16665 10599 11462 22678 14697 T      
U 2629 15262 5544 23376 8721 13172 9158 21429 13733 9724 15584 18841 14094 11502 14084 11156 21747 10773 13580 11296 U     
V 11208 7219 18002 8815 16724 18483 5561 13599 15510 8308 11967 12142 14839 7764 18107 9700 8197 18309 16320 2424 11554 V    
W 14855 16911 6897 11196 5362 1958 23004 10240 3028 19262 13203 6816 2123 10207 1069 19278 10745 2827 2962 19506 11607 17330 W   
X 16418 17573 10326 7535 6559 1222 22818 7302 1363 19877 12410 3949 981 9631 2012 18220 8354 5862 1259 17134 14953 17628 2908 X  
Y 9458 9259 8692 14101 12183 11568 12448 9628 12335 11542 6473 11371 9410 20598 9632 8473 11040 6920 12542 19193 12543 16338 10636 10653 Y 
Z 5593 7878 7160 14179 13363 15064 9115 11774 15866 6717 9076 15218 12217 18708 14466 5979 17016 10157 16779 14357 9685 13699 12901 12955 4645 Z